lat = 47.0251124

long = 28.831690500000036

ekevation = 80
